-0.087089 -1.425038 -0.821790 -0.438391 -1.481477 -0.279022 -0.253403 -0.728311 -0.889332
-1.622744 1.113108 -0.000689 -1.542955 1.787741 -1.271191 -1.415701 1.265293 -1.234288
0.406372 -0.011810 1.162773 -0.606777 0.023674 0.987820 -0.478937 -0.504594 1.227569
-1.870334 -0.797577 0.416776 -1.520760 -0.700354 1.037788 -1.915975 -0.095112 0.482191
-0.769373 0.391928 -0.152131 -0.896367 1.048284 0.137418 -0.727500 0.453602 0.545784
-0.896367 1.048284 0.137418 -1.256283 1.200477 0.097080 -0.238276 1.938780 -0.241324
-1.224728 1.018144 -0.086649 -0.896367 1.048284 0.137418 -0.769373 0.391928 -0.152131
1.716880 -1.654069 0.026515 0.974075 -2.007102 -0.021542 1.741189 -1.271353 0.012886
0.628988 -0.450528 -0.781178 0.121460 -0.148104 -0.562935 1.159131 0.155654 -0.085296
-0.438391 -1.481477 -0.279022 -0.087089 -1.425038 -0.821790 -0.700808 -2.024673 -0.701914
-0.138981 -0.731430 1.515453 0.078595 -0.446194 1.481959 -0.550804 -1.261876 1.081748
0.004983 -1.618547 1.295973 -0.138981 -0.731430 1.515453 -0.550804 -1.261876 1.081748
-1.211905 1.757481 -1.597140 -1.542955 1.787741 -1.271191 -1.224728 1.018144 -0.086649
-1.564935 -0.075550 1.025998 -0.727500 0.453602 0.545784 -1.384701 0.233115 1.416604
-0.979709 -0.274636 -0.547984 -1.790034 0.204807 -0.021737 -0.769373 0.391928 -0.152131
-1.790034 0.204807 -0.021737 -1.915975 -0.095112 0.482191 -1.961061 1.116048 0.510105
-0.727500 0.453602 0.545784 -1.080724 1.154718 0.824216 -1.384701 0.233115 1.416604
-1.520760 -0.700354 1.037788 -0.478937 -0.504594 1.227569 -0.606777 0.023674 0.987820
-1.393721 0.860485 -0.209850 -1.272412 1.402584 -1.518360 -1.224728 1.018144 -0.086649
1.159131 0.155654 -0.085296 1.034918 0.300575 0.742933 1.481820 -0.158596 0.633214
1.741189 -1.271353 0.012886 1.809676 -1.028499 0.542966 2.002814 -1.165573 0.298468
-1.790034 0.204807 -0.021737 -0.979709 -0.274636 -0.547984 -1.553029 -0.880902 -0.241400
-0.939438 -1.428805 0.636792 -1.061945 -1.978290 1.273479 -0.550804 -1.261876 1.081748
0.450658 0.536870 0.639129 -0.727500 0.453602 0.545784 -0.606777 0.023674 0.987820
-1.393721 0.860485 -0.209850 -1.224728 1.018144 -0.086649 -0.769373 0.391928 -0.152131
-1.361087 -2.034035 -0.136117 -1.499713 -1.987056 0.125555 -1.103218 -1.523810 0.192949
-1.314500 -1.977472 0.786106 -1.061945 -1.978290 1.273479 -0.939438 -1.428805 0.636792
0.004983 -1.618547 1.295973 -0.550804 -1.261876 1.081748 -0.348952 -1.924771 1.448535
-1.520760 -0.700354 1.037788 -0.606777 0.023674 0.987820 -1.564935 -0.075550 1.025998
1.159131 0.155654 -0.085296 0.450658 0.536870 0.639129 1.034918 0.300575 0.742933
1.861509 -1.503597 0.657494 0.999024 -1.977780 0.265045 1.716880 -1.654069 0.026515
-1.790034 0.204807 -0.021737 -1.393721 0.860485 -0.209850 -0.769373 0.391928 -0.152131
-1.384701 0.233115 1.416604 -1.080724 1.154718 0.824216 -1.663190 0.630868 1.369650
-1.314500 -1.977472 0.786106 -0.939438 -1.428805 0.636792 -1.242098 -1.953408 0.531016
1.002464 -1.255206 -0.695167 -0.087089 -1.425038 -0.821790 0.628988 -0.450528 -0.781178
-0.896367 1.048284 0.137418 -1.256283 1.200477 0.097080 -1.080724 1.154718 0.824216
-1.256283 1.200477 0.097080 -1.622744 1.113108 -0.000689 -1.080724 1.154718 0.824216
-1.103218 -1.523810 0.192949 -1.553029 -0.880902 -0.241400 -0.965472 -1.370486 -0.197629
0.856361 -2.001039 -0.417259 1.741189 -1.271353 0.012886 0.974075 -2.007102 -0.021542
-0.485616 -0.637611 -0.611298 0.121460 -0.148104 -0.562935 -0.253403 -0.728311 -0.889332
-1.915975 -0.095112 0.482191 -1.564935 -0.075550 1.025998 -2.041634 0.264053 1.140419
1.716880 -1.654069 0.026515 1.741189 -1.271353 0.012886 2.002814 -1.165573 0.298468
-1.622744 1.113108 -0.000689 -1.961061 1.116048 0.510105 -1.080724 1.154718 0.824216
0.004983 -1.618547 1.295973 0.754568 -1.984259 1.200001 -0.138981 -0.731430 1.515453
-0.087089 -1.425038 -0.821790 -0.253403 -0.728311 -0.889332 0.628988 -0.450528 -0.781178
-0.550804 -1.261876 1.081748 -0.617029 -1.991086 1.169311 -0.348952 -1.924771 1.448535
1.861509 -1.503597 0.657494 2.002814 -1.165573 0.298468 1.809676 -1.028499 0.542966
-1.553029 -0.880902 -0.241400 -0.979709 -0.274636 -0.547984 -0.485616 -0.637611 -0.611298
-1.564935 -0.075550 1.025998 -0.606777 0.023674 0.987820 -0.727500 0.453602 0.545784
-1.553029 -0.880902 -0.241400 -0.485616 -0.637611 -0.611298 -0.965472 -1.370486 -0.197629
1.505885 -0.557833 -0.211210 1.159131 0.155654 -0.085296 1.481820 -0.158596 0.633214
0.856361 -2.001039 -0.417259 0.281222 -2.010334 -0.605077 1.002464 -1.255206 -0.695167
1.019670 -0.601305 1.340481 1.034918 0.300575 0.742933 0.406372 -0.011810 1.162773
-1.553029 -0.880902 -0.241400 -1.103218 -1.523810 0.192949 -1.870334 -0.797577 0.416776
1.809676 -1.028499 0.542966 1.019670 -0.601305 1.340481 1.496393 -1.364554 0.830587
-1.520760 -0.700354 1.037788 -1.564935 -0.075550 1.025998 -1.915975 -0.095112 0.482191
-0.896367 1.048284 0.137418 -0.238276 1.938780 -0.241324 -1.256283 1.200477 0.097080
0.754568 -1.984259 1.200001 1.496393 -1.364554 0.830587 1.019670 -0.601305 1.340481
-1.103218 -1.523810 0.192949 -0.939438 -1.428805 0.636792 -1.520760 -0.700354 1.037788
0.907599 -2.012386 0.620657 1.861509 -1.503597 0.657494 1.496393 -1.364554 0.830587
1.716880 -1.654069 0.026515 2.002814 -1.165573 0.298468 1.861509 -1.503597 0.657494
-0.194002 -1.948271 1.481893 0.754568 -1.984259 1.200001 0.004983 -1.618547 1.295973
0.096462 1.901040 -0.660638 -0.238276 1.938780 -0.241324 0.048261 1.395036 -0.295158
-0.896367 1.048284 0.137418 -1.080724 1.154718 0.824216 -0.727500 0.453602 0.545784
0.661413 0.390526 -0.214008 0.450658 0.536870 0.639129 1.159131 0.155654 -0.085296
-1.553029 -0.880902 -0.241400 -1.870334 -0.797577 0.416776 -1.790034 0.204807 -0.021737
-0.478937 -0.504594 1.227569 0.078595 -0.446194 1.481959 0.406372 -0.011810 1.162773
-1.103218 -1.523810 0.192949 -0.965472 -1.370486 -0.197629 -1.361087 -2.034035 -0.136117
1.159131 0.155654 -0.085296 1.505885 -0.557833 -0.211210 0.628988 -0.450528 -0.781178
-0.916848 -2.033878 -0.346363 -1.361087 -2.034035 -0.136117 -0.965472 -1.370486 -0.197629
0.406372 -0.011810 1.162773 0.450658 0.536870 0.639129 -0.606777 0.023674 0.987820
-1.393721 0.860485 -0.209850 -1.622744 1.113108 -0.000689 -1.415701 1.265293 -1.234288
-0.979709 -0.274636 -0.547984 0.121460 -0.148104 -0.562935 -0.485616 -0.637611 -0.611298
0.048261 1.395036 -0.295158 -0.238276 1.938780 -0.241324 -0.896367 1.048284 0.137418
-1.242098 -1.953408 0.531016 -0.939438 -1.428805 0.636792 -1.103218 -1.523810 0.192949
-1.790034 0.204807 -0.021737 -1.622744 1.113108 -0.000689 -1.393721 0.860485 -0.209850
1.861509 -1.503597 0.657494 0.907599 -2.012386 0.620657 0.999024 -1.977780 0.265045
-1.499713 -1.987056 0.125555 -1.242098 -1.953408 0.531016 -1.103218 -1.523810 0.192949
0.974075 -2.007102 -0.021542 1.716880 -1.654069 0.026515 0.999024 -1.977780 0.265045
-1.256283 1.200477 0.097080 -1.542955 1.787741 -1.271191 -1.622744 1.113108 -0.000689
-1.542955 1.787741 -1.271191 -1.256283 1.200477 0.097080 -1.224728 1.018144 -0.086649
-0.916848 -2.033878 -0.346363 -0.965472 -1.370486 -0.197629 -0.438391 -1.481477 -0.279022
-0.138981 -0.731430 1.515453 0.754568 -1.984259 1.200001 0.471307 -0.791260 1.572225
-0.700808 -2.024673 -0.701914 -0.087089 -1.425038 -0.821790 -0.487645 -2.024606 -0.783024
1.861509 -1.503597 0.657494 1.809676 -1.028499 0.542966 1.496393 -1.364554 0.830587
1.002464 -1.255206 -0.695167 1.505885 -0.557833 -0.211210 1.741189 -1.271353 0.012886
-1.961061 1.116048 0.510105 -1.663190 0.630868 1.369650 -1.080724 1.154718 0.824216
0.450658 0.536870 0.639129 0.406372 -0.011810 1.162773 1.034918 0.300575 0.742933
-0.896367 1.048284 0.137418 -1.224728 1.018144 -0.086649 -1.256283 1.200477 0.097080
0.628988 -0.450528 -0.781178 1.505885 -0.557833 -0.211210 1.002464 -1.255206 -0.695167
-1.415701 1.265293 -1.234288 -1.542955 1.787741 -1.271191 -1.211905 1.757481 -1.597140
0.450658 0.536870 0.639129 -0.769373 0.391928 -0.152131 -0.727500 0.453602 0.545784
-0.238276 1.938780 -0.241324 -0.896367 1.048284 0.137418 0.048261 1.395036 -0.295158
0.661413 0.390526 -0.214008 1.159131 0.155654 -0.085296 0.121460 -0.148104 -0.562935
0.121460 -0.148104 -0.562935 0.628988 -0.450528 -0.781178 -0.253403 -0.728311 -0.889332
-1.314500 -1.977472 0.786106 -1.225235 -1.988521 1.172252 -1.061945 -1.978290 1.273479
-0.617029 -1.991086 1.169311 -0.550804 -1.261876 1.081748 -1.061945 -1.978290 1.273479
-0.238276 1.938780 -0.241324 0.048261 1.395036 -0.295158 0.096462 1.901040 -0.660638
-0.550804 -1.261876 1.081748 0.078595 -0.446194 1.481959 -0.478937 -0.504594 1.227569
-1.211905 1.757481 -1.597140 -1.272412 1.402584 -1.518360 -1.415701 1.265293 -1.234288
0.078595 -0.446194 1.481959 0.471307 -0.791260 1.572225 0.406372 -0.011810 1.162773
0.281222 -2.010334 -0.605077 -0.087089 -1.425038 -0.821790 1.002464 -1.255206 -0.695167
-0.939438 -1.428805 0.636792 -0.550804 -1.261876 1.081748 -1.520760 -0.700354 1.037788
-1.790034 0.204807 -0.021737 -1.870334 -0.797577 0.416776 -1.915975 -0.095112 0.482191
-0.769373 0.391928 -0.152131 0.661413 0.390526 -0.214008 0.121460 -0.148104 -0.562935
0.754568 -1.984259 1.200001 1.019670 -0.601305 1.340481 0.471307 -0.791260 1.572225
-1.384701 0.233115 1.416604 -1.663190 0.630868 1.369650 -2.041634 0.264053 1.140419
-1.663190 0.630868 1.369650 -1.961061 1.116048 0.510105 -2.041634 0.264053 1.140419
0.078595 -0.446194 1.481959 -0.138981 -0.731430 1.515453 0.471307 -0.791260 1.572225
-1.393721 0.860485 -0.209850 -1.415701 1.265293 -1.234288 -1.272412 1.402584 -1.518360
1.002464 -1.255206 -0.695167 1.741189 -1.271353 0.012886 0.856361 -2.001039 -0.417259
-0.194002 -1.948271 1.481893 0.004983 -1.618547 1.295973 -0.348952 -1.924771 1.448535
-0.769373 0.391928 -0.152131 0.450658 0.536870 0.639129 0.661413 0.390526 -0.214008
-0.438391 -1.481477 -0.279022 -0.965472 -1.370486 -0.197629 -0.485616 -0.637611 -0.611298
-0.550804 -1.261876 1.081748 -0.478937 -0.504594 1.227569 -1.520760 -0.700354 1.037788
0.907599 -2.012386 0.620657 1.496393 -1.364554 0.830587 0.932192 -1.958130 1.122124
1.505885 -0.557833 -0.211210 1.481820 -0.158596 0.633214 1.809676 -1.028499 0.542966
1.019670 -0.601305 1.340481 1.481820 -0.158596 0.633214 1.034918 0.300575 0.742933
0.471307 -0.791260 1.572225 1.019670 -0.601305 1.340481 0.406372 -0.011810 1.162773
-1.103218 -1.523810 0.192949 -1.520760 -0.700354 1.037788 -1.870334 -0.797577 0.416776
-1.272412 1.402584 -1.518360 -1.211905 1.757481 -1.597140 -1.224728 1.018144 -0.086649
-1.384701 0.233115 1.416604 -2.041634 0.264053 1.140419 -1.564935 -0.075550 1.025998
0.932192 -1.958130 1.122124 1.496393 -1.364554 0.830587 0.754568 -1.984259 1.200001
-1.961061 1.116048 0.510105 -1.622744 1.113108 -0.000689 -1.790034 0.204807 -0.021737
-0.087089 -1.425038 -0.821790 0.281222 -2.010334 -0.605077 -0.487645 -2.024606 -0.783024
-0.438391 -1.481477 -0.279022 -0.485616 -0.637611 -0.611298 -0.253403 -0.728311 -0.889332
-0.438391 -1.481477 -0.279022 -0.700808 -2.024673 -0.701914 -0.916848 -2.033878 -0.346363
1.741189 -1.271353 0.012886 1.505885 -0.557833 -0.211210 1.809676 -1.028499 0.542966
-1.915975 -0.095112 0.482191 -2.041634 0.264053 1.140419 -1.961061 1.116048 0.510105
1.019670 -0.601305 1.340481 1.809676 -1.028499 0.542966 1.481820 -0.158596 0.633214
0.121460 -0.148104 -0.562935 -0.979709 -0.274636 -0.547984 -0.769373 0.391928 -0.152131